Id	Ctrl1	Ctrl3	Ctrl4	RNAi1	RNAi3	RNAi4	norm.Ctrl1	norm.Ctrl3	norm.Ctrl4	norm.RNAi1	norm.RNAi3	norm.RNAi4	baseMean	Untreated	RNAi	FoldChange	log2FoldChange	stat	pvalue	padj	dispGeneEst	dispFit	dispMAP	dispersion	betaConv	maxCooks
FBgn0025111	705	282	289	5121	2307	2688	355	441	412	2611	3227	3295	1723.38	403	3044	7.603	2.927	19.783	4.1517951877553e-87	1.23266799124455e-83	0.0136	0.0147	0.0142	0.0142	TRUE	0.1914
FBgn0000071	204	72	84	1130	477	585	103	113	120	576	667	717	382.56	112	653	5.895	2.559	14.82	1.08130674011596e-49	9.63119913421285e-47	0.0086	0.0211	0.0158	0.0158	TRUE	0.1358
FBgn0001226	1493	470	654	4578	1692	2076	752	735	932	2334	2366	2545	1610.65	806	2415	3	1.585	11.922	9.12539441951779e-33	5.80570629247464e-30	0.0078	0.0148	0.0118	0.0118	TRUE	0.2125
FBgn0035189	123	48	34	665	381	334	62	75	48	339	533	409	244.46	62	427	6.895	2.786	11.757	6.46516122345165e-32	3.38736417748729e-29	0.0395	0.0257	0.0305	0.0305	TRUE	0.1363
FBgn0283437	7097	2315	2578	17634	7581	7047	3575	3618	3673	8992	10603	8637	6516.41	3622	9411	2.598	1.377	11.714	1.07897176268918e-31	5.33911193904027e-29	0.006	0.0133	0.0097	0.0097	TRUE	0.1492
FBgn0051092	124	39	37	514	214	245	62	61	53	262	299	300	172.97	59	287	4.83	2.272	10.982	4.67190265379217e-28	2.08063184686635e-25	0	0.031	0.0202	0.0202	TRUE	0.0748
FBgn0262733	382	113	97	1503	473	478	192	177	138	766	662	586	420.18	169	671	3.942	1.979	10.865	1.68802523808037e-27	6.53706121547039e-25	0.0191	0.0203	0.0199	0.0199	TRUE	0.1653
FBgn0011260	170	50	53	818	243	257	86	78	76	417	340	315	218.55	80	357	4.461	2.157	10.644	1.85625931604505e-26	6.88904238667221e-24	0.0133	0.0273	0.0215	0.0215	TRUE	0.2675
FBgn0037290	28	10	12	309	92	104	14	16	17	158	129	127	76.76	16	138	9.088	3.184	9.903	4.03358213632296e-23	1.15893922865253e-20	0	0.0539	0.0378	0.0378	TRUE	0.1878
FBgn0003748	1510	449	496	3127	1141	1242	761	702	707	1595	1596	1522	1146.95	723	1571	2.168	1.116	9.771	1.4973871349863e-22	3.92271388568323e-20	0	0.0156	0.0083	0.0083	TRUE	0.0271
FBgn0029002	2372	620	788	5540	1748	2099	1195	969	1123	2825	2445	2573	1854.84	1096	2614	2.382	1.252	9.683	3.56178097061152e-22	8.81243975145467e-20	0.0073	0.0145	0.0113	0.0113	TRUE	0.1182
FBgn0261673	24	13	8	263	91	101	12	20	11	134	127	124	71.5	14	128	9.235	3.207	9.629	6.03943058196338e-22	1.41561074193547e-19	0	0.0569	0.0399	0.0399	TRUE	0.2984
FBgn0032405	61	19	18	292	106	129	31	30	26	149	148	158	90.22	29	152	5.22	2.384	9.011	2.04863812548434e-19	4.05493772970866e-17	0	0.0477	0.0293	0.0293	TRUE	0.0464
FBgn0001224	632	187	292	1741	636	858	318	292	416	888	890	1052	642.6	342	943	2.76	1.465	8.808	1.2692446688027e-18	2.30717597245421e-16	0.0177	0.0177	0.0177	0.0177	TRUE	0.375
FBgn0041087	1577	518	624	3169	1331	1578	794	810	889	1616	1862	1934	1317.44	831	1804	2.171	1.118	8.744	2.25257582758481e-18	4.01273857925958e-16	0.0059	0.0152	0.0108	0.0108	TRUE	0.1041
FBgn0034718	644	214	246	1373	554	657	324	334	351	700	775	805	548.26	336	760	2.26	1.176	8.56	1.12581815123508e-17	1.85697449500942e-15	0.0029	0.0186	0.0113	0.0113	TRUE	0.0611
FBgn0010395	1151	428	409	3186	923	1046	580	669	583	1625	1291	1282	1004.84	611	1399	2.302	1.203	8.186	2.69041802795572e-16	4.13164713362096e-14	0.0114	0.016	0.0142	0.0142	TRUE	0.2464
FBgn0033367	20102	6412	6907	37030	21575	20189	10125	10021	9842	18883	30175	24745	17298.5	9996	24601	2.461	1.299	8.011	1.13849923351904e-15	1.69010211215902e-13	0.0263	0.013	0.0189	0.0189	TRUE	0.1009
FBgn0024491	1782	544	599	3852	1157	1357	898	850	854	1964	1618	1663	1307.83	867	1748	2.018	1.013	7.92	2.37319894475546e-15	3.35525126998999e-13	0.006	0.0153	0.0108	0.0108	TRUE	0.1449
FBgn0003137	6420	2268	2192	11300	4907	5052	3234	3544	3123	5762	6863	6192	4786.48	3300	6272	1.9	0.926	7.862	3.79078564095312e-15	5.27570745374522e-13	0.0058	0.0135	0.0097	0.0097	TRUE	0.0825
FBgn0033113	548	177	233	1221	496	531	276	277	332	623	694	651	475.3	295	656	2.229	1.156	7.85	4.16934999437313e-15	5.62672733331538e-13	0.0037	0.0195	0.0129	0.0129	TRUE	0.1258
FBgn0038149	1318	442	537	2644	1035	1378	664	691	765	1348	1448	1689	1100.77	707	1495	2.117	1.082	7.838	4.59363217105586e-15	6.10678832053649e-13	0.0081	0.0157	0.0126	0.0126	TRUE	0.1548
FBgn0040271	1596	520	560	3239	1144	1146	804	813	798	1652	1600	1405	1178.47	805	1552	1.93	0.949	7.805	5.9562202607195e-15	7.80177262679833e-13	0.0033	0.0155	0.0096	0.0096	TRUE	0.0824
FBgn0031327	871	347	406	2096	823	902	439	542	579	1069	1151	1106	814.16	520	1109	2.145	1.101	7.597	3.03872653141548e-14	3.7591579465719e-12	0.0095	0.0167	0.0136	0.0136	TRUE	0.2454
FBgn0265276	197	54	46	617	188	196	99	84	66	315	263	240	177.83	83	273	3.236	1.694	7.569	3.76109683982111e-14	4.58905336332694e-12	0.0228	0.0306	0.0278	0.0278	TRUE	0.3646
FBgn0260011	48	19	35	264	133	149	24	30	50	135	186	183	101.17	35	168	5.005	2.323	7.553	4.25334911016429e-14	5.11953790868018e-12	0.0606	0.044	0.049	0.049	TRUE	0.8859
FBgn0032598	451	135	163	913	374	393	227	211	232	466	523	482	356.79	223	490	2.184	1.127	7.522	5.40304623424249e-14	6.41665770778638e-12	0	0.0217	0.0127	0.0127	TRUE	0.0384
FBgn0001225	428	158	210	1100	440	601	216	247	299	561	615	737	445.78	254	638	2.526	1.337	7.43	1.08785342631179e-13	1.2583779828778e-11	0.0197	0.0199	0.0203	0.0203	TRUE	0.2638
FBgn0051642	77	43	27	331	156	144	39	67	38	169	218	176	117.99	48	188	3.997	1.999	7.404	1.31819458535577e-13	1.5052768168928e-11	0.0351	0.0395	0.0382	0.0382	TRUE	0.7233
FBgn0266525	2352	755	791	3952	1406	1581	1185	1180	1127	2015	1966	1938	1568.53	1164	1973	1.695	0.761	7.194	6.31467511780172e-13	6.46492083612183e-11	0	0.0149	0.0073	0.0073	TRUE	0.0089
FBgn0038198	46	19	8	198	75	117	23	30	11	101	105	143	68.92	21	116	5.376	2.427	7.094	1.30470740925089e-12	1.27703614221953e-10	0.0454	0.0585	0.0555	0.0555	TRUE	0.5897
FBgn0261284	32	11	14	166	60	92	16	17	20	85	84	113	55.76	18	94	5.354	2.421	7.087	1.37050606909935e-12	1.32685843015956e-10	0	0.0693	0.049	0.049	TRUE	0.2804
FBgn0264302	857	240	242	1549	557	616	432	375	345	790	779	755	579.25	384	775	2.005	1.004	7.067	1.58571781923793e-12	1.5187084533282e-10	0.0047	0.0183	0.0124	0.0124	TRUE	0.1558
FBgn0037153	161	47	39	502	151	159	81	73	56	256	211	195	145.36	70	221	3.117	1.64	7.051	1.77218793586186e-12	1.66156609944437e-10	0.0194	0.0345	0.0291	0.0291	TRUE	0.2474
FBgn0031150	1200	315	321	2871	753	909	604	492	457	1464	1053	1114	864.24	518	1210	2.331	1.221	7.011	2.36072266068504e-12	2.16772749883728e-10	0.0257	0.0165	0.0203	0.0203	TRUE	0.4136
FBgn0034885	135	72	56	437	198	243	68	113	80	223	277	298	176.32	87	266	3.119	1.641	6.919	4.55030376549191e-12	4.13566894277923e-10	0.0345	0.0307	0.0321	0.0321	TRUE	0.5478
FBgn0051195	1455	442	474	2337	891	1006	733	691	675	1192	1246	1233	961.66	700	1224	1.744	0.802	6.912	4.7831604351516e-12	4.30339494908033e-10	0	0.0161	0.0085	0.0085	TRUE	0.0227
FBgn0038528	175	65	67	563	154	205	88	102	95	287	215	251	173.16	95	251	2.682	1.424	6.909	4.89803289421971e-12	4.36267789888149e-10	0.0108	0.031	0.0228	0.0228	TRUE	0.0967
FBgn0035968	360	122	156	836	286	366	181	191	222	426	400	449	311.53	198	425	2.161	1.112	6.85	7.39378464154299e-12	6.33234998098302e-10	0.0026	0.023	0.015	0.015	TRUE	0.1151
FBgn0051363	11796	3226	3168	23066	6651	7898	5941	5042	4514	11762	9302	9680	7706.99	5166	10248	1.983	0.988	6.787	1.14400871992968e-11	9.5230707181436e-10	0.0179	0.0133	0.0151	0.0151	TRUE	0.2124
FBgn0039479	172	76	75	456	217	242	87	119	107	233	304	297	190.82	104	278	2.696	1.431	6.713	1.9095893942686e-11	1.53231646259012e-09	0.0196	0.0293	0.0255	0.0255	TRUE	0.2872
FBgn0034438	73	21	28	272	95	89	37	33	40	139	133	109	81.69	37	127	3.482	1.8	6.667	2.60914853274129e-11	2.02084225922841e-09	0	0.0514	0.0341	0.0341	TRUE	0.1446
FBgn0031689	372	116	136	787	257	318	187	181	194	401	359	390	285.5	187	383	2.05	1.036	6.572	4.96595357450548e-11	3.74845326170511e-09	0	0.0239	0.0136	0.0136	TRUE	0.0324
FBgn0050463	33	10	10	204	62	49	17	16	14	104	87	60	49.55	16	84	5.378	2.427	6.432	1.25552866211132e-10	9.09186487270372e-09	0	0.0764	0.0633	0.0633	TRUE	0.1202
FBgn0267488	3534	1301	1246	6095	2184	2440	1780	2033	1775	3108	3055	2991	2456.99	1863	3051	1.64	0.714	6.427	1.30548990070563e-10	9.37741818192343e-09	0.0027	0.0141	0.0084	0.0084	TRUE	0.0751
FBgn0001258	2009	704	848	3479	1607	1896	1012	1100	1208	1774	2248	2324	1610.99	1107	2115	1.911	0.935	6.418	1.38494123183792e-10	9.86853724158431e-09	0.0128	0.0148	0.0145	0.0145	TRUE	0.2472
FBgn0033065	16	5	8	109	50	46	8	8	11	56	70	56	34.86	9	61	6.785	2.762	6.393	1.62828775383665e-10	1.15104436693834e-08	0	0.1032	0.0692	0.0692	TRUE	0.132
FBgn0036752	9320	3228	3360	14505	5316	5954	4694	5045	4788	7397	7435	7298	6109.35	4842	7377	1.524	0.608	6.325	2.53226302460277e-10	1.7759737606407e-08	5e-04	0.0134	0.0065	0.0065	TRUE	0.0162
FBgn0038476	2004	697	757	3516	1232	1350	1009	1089	1079	1793	1723	1655	1391.33	1059	1724	1.631	0.706	6.316	2.68316791370914e-10	1.86710754745369e-08	0.0013	0.0151	0.0082	0.0082	TRUE	0.0219
FBgn0035761	866	268	318	1473	534	626	436	419	453	751	747	767	595.57	436	755	1.731	0.792	6.292	3.12762448728351e-10	2.14290394678725e-08	0	0.0181	0.0094	0.0094	TRUE	0.0117
FBgn0038805	1173	354	441	1955	707	843	591	553	628	997	989	1033	798.57	591	1006	1.702	0.768	6.287	3.23289927441616e-10	2.19812472039884e-08	0	0.0168	0.0093	0.0093	TRUE	0.0324
FBgn0052625	174	41	76	587	155	181	88	64	108	299	217	222	166.33	87	246	2.847	1.509	6.283	3.31713141240982e-10	2.23830980987381e-08	0.036	0.0318	0.0332	0.0332	TRUE	0.4382
FBgn0003502	1921	637	701	3054	1121	1283	968	996	999	1557	1568	1573	1276.61	988	1566	1.587	0.666	6.223	4.87603165964367e-10	3.19344220532692e-08	0	0.0153	0.0074	0.0074	TRUE	0.004
FBgn0024984	127	43	55	306	147	173	64	67	78	156	206	212	130.54	70	191	2.741	1.455	6.217	5.07766701577426e-10	3.2773029064856e-08	0.017	0.037	0.0289	0.0289	TRUE	0.3283
FBgn0039464	1060	382	439	1852	976	1098	534	597	626	944	1365	1346	901.95	586	1218	2.081	1.057	6.208	5.37390450022023e-10	3.44355161032098e-08	0.0239	0.0163	0.0195	0.0195	TRUE	0.4818
FBgn0000116	719	302	276	1377	890	877	362	472	393	702	1245	1075	708.21	409	1007	2.463	1.301	6.195	5.84302778028288e-10	3.7174177456414e-08	0.0503	0.0173	0.0298	0.0298	TRUE	0.302
FBgn0027515	667	206	250	1255	430	475	336	322	356	640	601	582	472.95	338	608	1.801	0.849	6.187	6.12329287070433e-10	3.86809713470663e-08	0	0.0195	0.0111	0.0111	TRUE	0.0275
FBgn0039113	597	240	248	1229	434	583	301	375	353	627	607	715	496.24	343	650	1.906	0.931	6.062	1.3458595771991e-09	8.21066524254275e-08	0.0083	0.0192	0.0145	0.0145	TRUE	0.1552
FBgn0034405	3514	1145	1384	5750	2009	2387	1770	1789	1972	2932	2810	2926	2366.51	1844	2889	1.568	0.649	6.057	1.39105788270193e-09	8.37172470353112e-08	0.0014	0.0142	0.0078	0.0078	TRUE	0.044
FBgn0063492	955	262	325	1567	536	681	481	409	463	799	750	835	622.83	451	795	1.755	0.811	6.008	1.88320958771953e-09	1.10353603933012e-07	0.0022	0.0179	0.0112	0.0112	TRUE	0.0699
FBgn0033775	37	11	19	165	63	62	19	17	27	84	88	76	51.86	21	83	4.013	2.005	6	1.97484524842871e-09	1.14966971423232e-07	0	0.0736	0.049	0.049	TRUE	0.244
FBgn0263232	916	281	235	2632	642	630	461	439	335	1342	898	772	707.94	412	1004	2.439	1.286	5.99	2.10344227254586e-09	1.208732923972e-07	0.0554	0.0173	0.0313	0.0313	TRUE	0.6779
FBgn0033724	123	47	81	416	156	222	62	73	115	212	218	272	158.87	83	234	2.85	1.511	5.897	3.69955362557158e-09	2.08556481917507e-07	0.0497	0.0327	0.0383	0.0383	TRUE	0.9436
FBgn0033635	2626	1358	1490	7202	2786	3117	1323	2122	2123	3673	3897	3820	2826.27	1856	3797	2.05	1.036	5.838	5.2951305353605e-09	2.9477329799035e-07	0.0308	0.014	0.0222	0.0222	TRUE	0.7847
FBgn0030598	32	8	12	143	55	47	16	13	17	73	77	58	42.2	15	69	4.485	2.165	5.832	5.48781429505073e-09	3.03602247987682e-07	0	0.0875	0.0584	0.0584	TRUE	0.1698
FBgn0035727	78	26	23	202	84	95	39	41	33	103	117	116	74.94	38	112	2.959	1.565	5.79	7.02767371224736e-09	3.80976509001774e-07	0	0.0549	0.0341	0.0341	TRUE	0.065
FBgn0259224	455	149	156	996	293	330	229	233	222	508	410	404	334.41	228	441	1.942	0.957	5.79	7.05749679861825e-09	3.80976509001774e-07	0.0084	0.0223	0.0161	0.0161	TRUE	0.2238
FBgn0037680	665	191	221	1237	389	440	335	298	315	631	544	539	443.75	316	571	1.806	0.853	5.763	8.26940612006595e-09	4.41051498870823e-07	0.0048	0.0199	0.0131	0.0131	TRUE	0.1049
FBgn0004507	2873	907	999	4031	1943	2236	1447	1417	1423	2056	2718	2741	1966.95	1429	2505	1.75	0.807	5.712	1.11617423399755e-08	5.88270053385573e-07	0.013	0.0144	0.0138	0.0138	TRUE	0.3052
FBgn0031516	1471	484	480	2280	824	930	741	756	684	1163	1152	1140	939.38	727	1152	1.583	0.663	5.692	1.25485878011798e-08	6.49827160145981e-07	0	0.0162	0.0086	0.0086	TRUE	0.0297
FBgn0030037	1138	374	390	1721	683	765	573	584	556	878	955	938	747.32	571	924	1.615	0.691	5.68	1.34868978209408e-08	6.94380340411099e-07	0	0.0171	0.0091	0.0091	TRUE	0.0242
FBgn0028327	7274	1993	2381	9981	3786	4276	3664	3115	3393	5090	5295	5241	4299.49	3391	5209	1.535	0.618	5.649	1.61567057474509e-08	8.27056195934167e-07	0.0031	0.0136	0.0084	0.0084	TRUE	0.0619
FBgn0261238	1331	517	484	2169	904	1044	670	808	690	1106	1264	1280	969.67	723	1217	1.686	0.753	5.548	2.89328094584454e-08	1.40056811873029e-06	0.0068	0.0161	0.0121	0.0121	TRUE	0.1204
FBgn0035150	4386	1355	1484	6711	2265	2512	2209	2118	2115	3422	3168	3079	2685.04	2147	3223	1.501	0.586	5.542	2.98344101518766e-08	1.4286832861439e-06	0.0017	0.014	0.0076	0.0076	TRUE	0.0364
FBgn0032451	704	259	335	1318	570	706	355	405	477	672	797	865	595.22	412	778	1.893	0.921	5.52	3.38732690232366e-08	1.60483620845728e-06	0.0178	0.0181	0.018	0.018	TRUE	0.2172
FBgn0000043	44136	16052	17308	65571	29782	34401	22230	25086	24662	33437	41654	42165	31539.02	23993	39085	1.629	0.704	5.508	3.63128960250603e-08	1.71131727457784e-06	0.0099	0.0129	0.0117	0.0117	TRUE	0.196
FBgn0003076	2397	751	910	3500	1401	1772	1207	1174	1297	1785	1959	2172	1598.97	1226	1972	1.607	0.685	5.485	4.12525296878674e-08	1.90381493227894e-06	0.0052	0.0148	0.0105	0.0105	TRUE	0.0953
FBgn0000405	3685	1258	1235	5421	2150	2223	1856	1966	1760	2764	3007	2725	2346.32	1861	2832	1.522	0.606	5.48	4.2599901882327e-08	1.94583244136352e-06	0.0023	0.0142	0.0083	0.0083	TRUE	0.0348
FBgn0030805	417	162	187	771	382	446	210	253	266	393	534	547	367.29	243	491	2.025	1.018	5.419	5.98934250366222e-08	2.69429665051108e-06	0.023	0.0214	0.0221	0.0221	TRUE	0.3856
FBgn0038436	985	354	374	1584	605	733	496	553	533	808	846	898	689.1	527	851	1.616	0.693	5.393	6.91819135830895e-08	3.08101652142289e-06	0.0021	0.0174	0.0102	0.0102	TRUE	0.0358
FBgn0063493	343	114	133	673	215	337	173	178	190	343	301	413	266.23	180	352	1.962	0.972	5.367	7.98839787481458e-08	3.52240890450364e-06	0.0107	0.0247	0.0191	0.0191	TRUE	0.2046
FBgn0036007	2033	669	683	3501	1226	1168	1024	1046	973	1785	1715	1432	1329.05	1014	1644	1.622	0.698	5.357	8.46363294335938e-08	3.71357530179813e-06	0.0069	0.0152	0.0114	0.0114	TRUE	0.1525
FBgn0005640	2453	905	845	3755	1418	1740	1235	1414	1204	1915	1983	2133	1647.44	1284	2010	1.566	0.647	5.347	8.92392089021203e-08	3.89634134162346e-06	0.0045	0.0148	0.0098	0.0098	TRUE	0.0898
FBgn0020248	30	12	9	110	44	57	15	19	13	56	62	70	39.03	16	63	4.028	2.01	5.336	9.48748771038291e-08	4.12219770909173e-06	0	0.0935	0.0604	0.0604	TRUE	0.0937
FBgn0032089	168	50	55	325	122	160	85	78	78	166	171	196	128.93	80	178	2.188	1.129	5.314	1.07156613238838e-07	4.58867285633814e-06	0	0.0373	0.023	0.023	TRUE	0.0863
FBgn0036299	766	321	371	1473	660	838	386	502	529	751	923	1027	686.24	472	900	1.914	0.937	5.313	1.07673871463599e-07	4.58876159390562e-06	0.0252	0.0174	0.0206	0.0206	TRUE	0.2896
FBgn0035266	411	156	212	800	438	512	207	244	302	408	613	628	400.16	251	550	2.194	1.134	5.311	1.09023286015167e-07	4.62414480255756e-06	0.0439	0.0207	0.0296	0.0296	TRUE	0.6315
FBgn0260484	905	310	279	1364	586	617	456	484	398	696	820	756	601.54	446	757	1.693	0.76	5.294	1.19626264752015e-07	5.02599594408585e-06	0.0056	0.0181	0.0129	0.0129	TRUE	0.095
FBgn0037739	575	161	193	970	326	369	290	252	275	495	456	452	369.85	272	468	1.714	0.777	5.227	1.71958658550868e-07	7.19077827095109e-06	0	0.0214	0.0128	0.0128	TRUE	0.0439
FBgn0015568	277	73	127	535	225	257	140	114	181	273	315	315	222.85	145	301	2.072	1.051	5.205	1.9375794485208e-07	8.03793752266073e-06	0.0173	0.027	0.0238	0.0238	TRUE	0.4143
FBgn0031117	406	140	189	725	354	458	204	219	269	370	495	561	353.13	231	475	2.061	1.043	5.203	1.96138857782167e-07	8.08800373271187e-06	0.031	0.0218	0.0254	0.0254	TRUE	0.2788
FBgn0039593	45	7	19	151	48	67	23	11	27	77	67	82	47.82	20	75	3.647	1.867	5.189	2.1177616270454e-07	8.57404673276972e-06	0	0.0787	0.061	0.061	TRUE	0.5017
FBgn0285963	2888	893	1067	4051	1550	1788	1455	1396	1520	2066	2168	2192	1799.28	1457	2142	1.469	0.555	5.181	2.20856768341423e-07	8.90122731048443e-06	7e-04	0.0146	0.0076	0.0076	TRUE	0.0165
FBgn0027949	2348	726	862	3228	1401	1549	1183	1135	1228	1646	1959	1899	1508.27	1182	1835	1.55	0.632	5.173	2.30083036691943e-07	9.18990855522483e-06	0.0047	0.0149	0.01	0.01	TRUE	0.1014
FBgn0038341	574	221	234	972	452	486	289	345	333	496	632	596	448.57	322	575	1.784	0.835	5.174	2.29586629098232e-07	9.18990855522483e-06	0.0113	0.0199	0.0161	0.0161	TRUE	0.1829
FBgn0004396	4362	1157	932	8252	2274	2578	2197	1808	1328	4208	3180	3160	2646.91	1778	3516	1.976	0.983	5.171	2.32794394428591e-07	9.25669496060473e-06	0.0439	0.014	0.0255	0.0255	TRUE	0.5388
FBgn0034391	77	30	23	195	76	88	39	47	33	99	106	108	72.01	40	104	2.654	1.408	5.142	2.71681452999722e-07	1.07549631194157e-05	0	0.0566	0.0356	0.0356	TRUE	0.1247
FBgn0034354	525	164	248	969	374	487	264	256	353	494	523	597	414.7	291	538	1.851	0.888	5.109	3.23948221067253e-07	1.26552930045878e-05	0.0163	0.0204	0.0189	0.0189	TRUE	0.3621
FBgn0037468	5638	1207	1500	10497	2855	3050	2840	1886	2137	5353	3993	3738	3324.6	2288	4361	1.905	0.93	5.035	4.77416330298892e-07	1.84884663216184e-05	0.0426	0.0138	0.0242	0.0242	TRUE	0.5472
FBgn0036862	504	167	138	927	284	346	254	261	197	473	397	424	334.25	237	431	1.818	0.862	5.029	4.92622480005253e-07	1.89128811612361e-05	0.0101	0.0223	0.0177	0.0177	TRUE	0.2209
FBgn0003317	2064	698	827	3169	1178	1304	1040	1091	1178	1616	1648	1598	1361.78	1103	1621	1.472	0.558	4.927	8.37003781341474e-07	3.15897994932564e-05	0.0013	0.0152	0.0084	0.0084	TRUE	0.0425
FBgn0035811	1109	486	609	2226	1041	1204	559	760	868	1135	1456	1476	1042.11	729	1356	1.866	0.9	4.9	9.58581698657283e-07	3.58743159241194e-05	0.0315	0.0159	0.0231	0.0231	TRUE	0.526
FBgn0259740	1061	286	356	2197	546	666	534	447	507	1120	764	816	698.15	496	900	1.816	0.86	4.894	9.85983573105348e-07	3.67454212788675e-05	0.0246	0.0174	0.0206	0.0206	TRUE	0.5644
FBgn0259821	266	80	66	592	179	167	134	125	94	302	250	205	185	118	252	2.136	1.095	4.856	1.19725799956742e-06	4.38846790211813e-05	0.0301	0.0299	0.0299	0.0299	TRUE	0.1267
FBgn0086906	1912	676	627	2862	1284	1155	963	1056	893	1459	1796	1416	1263.97	971	1557	1.603	0.68	4.82	1.43699096547293e-06	5.202958751816e-05	0.0112	0.0153	0.0134	0.0134	TRUE	0.2123
FBgn0031049	613	162	244	1400	375	399	309	253	348	714	524	489	439.51	303	576	1.904	0.929	4.801	1.57741245963476e-06	5.62000511118671e-05	0.0305	0.02	0.0242	0.0242	TRUE	0.5426
FBgn0039381	1234	455	539	2092	823	854	622	711	768	1067	1151	1047	894.2	700	1088	1.559	0.641	4.793	1.64149800301837e-06	5.82502896927674e-05	0.0059	0.0164	0.0116	0.0116	TRUE	0.1263
FBgn0262794	1603	434	561	3792	871	978	807	678	799	1934	1218	1199	1105.94	761	1450	1.906	0.931	4.789	1.67808936461748e-06	5.93124681374918e-05	0.0447	0.0157	0.0261	0.0261	TRUE	1.0425
FBgn0266801	339	126	81	677	221	249	171	197	115	345	309	305	240.43	161	320	1.987	0.99	4.777	1.77811005191201e-06	6.25993131714634e-05	0.0258	0.0259	0.0259	0.0259	TRUE	0.5578
FBgn0250904	30	12	12	100	44	50	15	19	17	51	62	61	37.46	17	58	3.456	1.789	4.771	1.83572935367631e-06	6.43733911543107e-05	0	0.0969	0.0611	0.0611	TRUE	0.1258
FBgn0266064	5040	1828	1990	7146	3181	3503	2538	2857	2836	3644	4449	4294	3436.25	2744	4129	1.505	0.59	4.742	2.11927628453183e-06	7.31643173113373e-05	0.007	0.0138	0.0108	0.0108	TRUE	0.1305
FBgn0029147	1329	495	600	2147	969	1027	669	774	855	1095	1355	1259	1001.13	766	1236	1.617	0.693	4.703	2.56001814909663e-06	8.669993024336e-05	0.0125	0.016	0.0145	0.0145	TRUE	0.1563
FBgn0032635	966	338	376	1492	565	631	487	528	536	761	790	773	645.83	517	775	1.503	0.588	4.682	2.84397509908252e-06	9.4873731114337e-05	0	0.0177	0.0096	0.0096	TRUE	0.0353
FBgn0039485	76	18	29	186	70	68	38	28	41	95	98	83	63.97	36	92	2.535	1.342	4.623	3.77850653490248e-06	0.000122382391659551	0	0.0621	0.0405	0.0405	TRUE	0.1649
FBgn0003074	3139	1157	1251	4456	2181	2321	1581	1808	1783	2272	3050	2845	2223.21	1724	2722	1.579	0.659	4.618	3.86861232276152e-06	0.000124846847676945	0.0129	0.0143	0.0142	0.0142	TRUE	0.2591
FBgn0031307	2708	990	1170	4023	1812	2197	1364	1547	1667	2051	2534	2693	1976.14	1526	2426	1.59	0.669	4.612	3.97870243605038e-06	0.000127475908625542	0.0137	0.0144	0.0146	0.0146	TRUE	0.2264
FBgn0004108	758	341	394	1436	685	802	382	533	561	732	958	983	691.57	492	891	1.818	0.862	4.61	4.01940426093117e-06	0.000128318400545211	0.0326	0.0174	0.0235	0.0235	TRUE	0.4898
FBgn0053556	378	118	116	558	253	256	190	184	165	285	354	314	248.71	180	318	1.747	0.805	4.594	4.34108123993152e-06	0.000138090028535659	0.0062	0.0255	0.0174	0.0174	TRUE	0.1096
FBgn0038720	400	132	135	644	224	290	201	206	192	328	313	355	266.21	200	332	1.661	0.732	4.574	4.78551985107338e-06	0.000150617050577776	0	0.0247	0.0142	0.0142	TRUE	0.0385
FBgn0260933	1239	458	435	1771	752	857	624	716	620	903	1052	1050	827.49	653	1002	1.534	0.617	4.559	5.14301676400293e-06	0.00016129876872174	0.006	0.0166	0.0118	0.0118	TRUE	0.094
FBgn0011016	2845	873	1098	4368	1448	1657	1433	1364	1565	2227	2025	2031	1774.23	1454	2094	1.442	0.528	4.547	5.44904402726067e-06	0.000169110227006309	0.0031	0.0146	0.0091	0.0091	TRUE	0.0512
FBgn0032140	3419	1164	1270	5060	1681	2074	1722	1819	1810	2580	2351	2542	2137.37	1784	2491	1.399	0.484	4.532	5.8383983731301e-06	0.000180564633018992	0.0013	0.0143	0.0077	0.0077	TRUE	0.0288
FBgn0000146	2607	828	983	3839	1342	1477	1313	1294	1401	1958	1877	1810	1608.78	1336	1882	1.41	0.496	4.528	5.9456442558471e-06	0.000183245167428478	0.001	0.0148	0.0079	0.0079	TRUE	0.0208
FBgn0003041	2592	896	959	3746	1382	1501	1306	1400	1366	1910	1933	1840	1625.86	1357	1894	1.397	0.483	4.525	6.03176221761882e-06	0.000185258296801141	5e-04	0.0148	0.0075	0.0075	TRUE	0.0144
FBgn0010097	129	47	56	250	109	160	65	73	80	127	152	196	115.71	73	158	2.188	1.129	4.499	6.84155807378935e-06	0.000207271284908985	0.0262	0.0401	0.0346	0.0346	TRUE	0.2249
FBgn0087007	198	64	77	357	139	157	100	100	110	182	194	192	146.39	103	189	1.84	0.88	4.494	6.98787121668976e-06	0.000210986335345952	0	0.0344	0.0197	0.0197	TRUE	0.0257
FBgn0261278	2240	712	861	3179	1166	1329	1128	1113	1227	1621	1631	1629	1391.43	1156	1627	1.408	0.494	4.491	7.0987113164175e-06	0.00021360885707882	1e-04	0.0151	0.0079	0.0079	TRUE	0.0331
FBgn0031888	4553	1570	1714	6350	2295	2819	2293	2454	2442	3238	3210	3455	2848.71	2396	3301	1.378	0.463	4.462	8.11945709683577e-06	0.00024268457839435	0.0012	0.0139	0.0074	0.0074	TRUE	0.0201
FBgn0001124	1824	695	789	2784	1197	1380	919	1086	1124	1420	1674	1691	1319.06	1043	1595	1.531	0.615	4.453	8.45343412510256e-06	0.000251821865392269	0.01	0.0152	0.0129	0.0129	TRUE	0.1386
FBgn0263916	3341	1023	1210	4251	1783	2179	1683	1599	1724	2168	2494	2671	2056.32	1669	2444	1.463	0.549	4.45	8.5779544933365e-06	0.000254679468907161	0.0054	0.0144	0.0104	0.0104	TRUE	0.1221
FBgn0010470	7795	2677	3146	10779	4299	5032	3926	4184	4483	5497	6013	6168	5044.91	4198	5893	1.404	0.49	4.416	1.00477230312445e-05	0.000297325810761776	0.0037	0.0135	0.0086	0.0086	TRUE	0.043
FBgn0050035	1994	766	773	2853	1276	1422	1004	1197	1101	1455	1785	1743	1380.88	1101	1661	1.509	0.594	4.357	1.31939946236666e-05	0.000379093258429028	0.0095	0.0151	0.0126	0.0126	TRUE	0.147
FBgn0032420	198	59	69	384	113	153	100	92	98	196	158	188	138.61	97	181	1.869	0.902	4.35	1.36184541803299e-05	0.000390030776154979	0	0.0356	0.0226	0.0226	TRUE	0.1136
FBgn0035623	495	164	199	835	288	328	249	256	284	426	403	402	336.63	263	410	1.568	0.649	4.334	1.46615583669243e-05	0.000417222045923945	0	0.0222	0.0128	0.0128	TRUE	0.0485
FBgn0039844	827	320	296	1497	465	536	417	500	422	763	650	657	568.18	446	690	1.557	0.639	4.326	1.51579368756552e-05	0.000428608710322098	0.0076	0.0184	0.0137	0.0137	TRUE	0.1204
FBgn0001257	18663	5109	5304	23630	8163	10000	9400	7984	7558	12050	11417	12257	10110.95	8314	11908	1.432	0.518	4.321	1.55387653953509e-05	0.000437986656254401	0.0072	0.0132	0.0102	0.0102	TRUE	0.1608
FBgn0010894	271	74	78	589	152	164	136	116	111	300	213	201	179.54	121	238	1.964	0.974	4.318	1.57205665473316e-05	0.000441650887961915	0.0293	0.0304	0.03	0.03	TRUE	0.6421
FBgn0020255	10052	3316	4060	13941	5452	5966	5063	5182	5785	7109	7625	7312	6346.17	5343	7349	1.376	0.46	4.306	1.66406743139719e-05	0.000460305857498597	0.003	0.0133	0.008	0.008	TRUE	0.0634
FBgn0034067	170	70	80	334	145	174	86	109	114	170	203	213	149.23	103	195	1.917	0.939	4.305	1.6704859453696e-05	0.000460650721839226	0.0146	0.0339	0.0262	0.0262	TRUE	0.2922
FBgn0025678	15340	5626	6633	22179	9347	10838	7726	8792	9451	11310	13073	13284	10606.14	8656	12556	1.451	0.537	4.294	1.7518798065239e-05	0.000478650105420501	0.0086	0.0131	0.0111	0.0111	TRUE	0.109
FBgn0003447	44	15	23	149	44	57	22	23	33	76	62	70	47.63	26	69	2.719	1.443	4.293	1.7636943885781e-05	0.000480404462356732	0	0.079	0.0534	0.0534	TRUE	0.2367
FBgn0267727	9359	3196	3453	12065	4968	5712	4714	4995	4920	6152	6948	7001	5788.44	4876	6700	1.374	0.458	4.291	1.77527321592599e-05	0.000482084101654049	0.0027	0.0134	0.008	0.008	TRUE	0.0633
FBgn0014869	2450	844	986	3311	1595	1718	1234	1319	1405	1688	2231	2106	1663.81	1319	2008	1.521	0.605	4.288	1.80617929300679e-05	0.000488985986711596	0.0112	0.0147	0.0137	0.0137	TRUE	0.2414
FBgn0010314	520	165	177	964	302	294	262	258	252	492	422	360	341.05	257	425	1.657	0.728	4.284	1.83315810660698e-05	0.000494786038046921	0.0113	0.0221	0.0174	0.0174	TRUE	0.1498
FBgn0063667	8	1	4	42	20	25	4	2	6	21	28	31	15.22	4	27	6.838	2.774	4.281	1.86151325246583e-05	0.000499412606617865	0	0.2197	0.1525	0.1525	TRUE	0.2804
FBgn0086355	5603	2302	2412	8128	4324	5011	2822	3598	3437	4145	6048	6142	4365.14	3286	5445	1.657	0.729	4.262	2.0272008110945e-05	0.000540607114503554	0.0288	0.0136	0.0208	0.0208	TRUE	0.5363
FBgn0027597	632	207	259	944	380	445	318	324	369	481	531	545	428.19	337	519	1.542	0.625	4.257	2.06902865314819e-05	0.000548477327785445	0.0035	0.0202	0.0129	0.0129	TRUE	0.0741
FBgn0026189	20973	7030	6719	29758	10308	10950	10563	10987	9574	15175	14417	13421	12356.15	10375	14338	1.382	0.467	4.241	2.22736683167139e-05	0.000586957289044292	0.0042	0.0131	0.0086	0.0086	TRUE	0.0554
FBgn0000299	78942	30342	28668	108092	53221	52021	39760	47419	40849	55120	74436	63762	53557.71	42676	64439	1.51	0.595	4.236	2.27549675628174e-05	0.000592627181526359	0.016	0.0129	0.0142	0.0142	TRUE	0.1699
FBgn0030318	4081	1239	1397	5029	2116	2269	2055	1936	1991	2564	2959	2781	2381.24	1994	2768	1.386	0.471	4.237	2.26543107442698e-05	0.000592627181526359	0.0028	0.0142	0.0084	0.0084	TRUE	0.0517
FBgn0015777	1895	608	594	2808	894	1046	954	950	846	1432	1250	1282	1119.23	917	1321	1.442	0.528	4.226	2.37924202355247e-05	0.000616043857668076	0.0041	0.0157	0.0102	0.0102	TRUE	0.067
FBgn0033368	107	24	30	189	76	86	54	38	43	96	106	105	73.7	45	102	2.228	1.156	4.212	2.53150466020406e-05	0.000653568464012683	0	0.0556	0.0376	0.0376	TRUE	0.3664
FBgn0259111	3833	1527	1465	5545	2337	2622	1931	2386	2087	2828	3269	3214	2619.07	2135	3104	1.455	0.541	4.21	2.55152471894596e-05	0.000656833256406118	0.0083	0.014	0.0114	0.0114	TRUE	0.1272
FBgn0013765	4723	1550	1601	6758	2228	2535	2379	2422	2281	3446	3116	3107	2791.98	2361	3223	1.366	0.45	4.208	2.57920361068511e-05	0.000662045145832054	0.002	0.014	0.0078	0.0078	TRUE	0.0456
FBgn0005660	357	147	138	591	250	290	180	230	197	301	350	355	268.78	202	335	1.669	0.739	4.199	2.68022388160846e-05	0.000685998681422026	0.0086	0.0246	0.018	0.018	TRUE	0.1424
FBgn0022702	330	180	180	691	352	413	166	281	256	352	492	506	342.48	234	450	1.934	0.952	4.17	3.0506643859543e-05	0.000767578183211721	0.0538	0.022	0.0339	0.0339	TRUE	0.8313
FBgn0037844	412	131	139	594	256	262	208	205	198	303	358	321	265.4	204	327	1.6	0.678	4.155	3.25942364446222e-05	0.000815496809023174	0	0.0247	0.0149	0.0149	TRUE	0.0722
FBgn0037678	27	16	9	76	52	51	14	25	13	39	73	63	37.57	17	58	3.447	1.785	4.147	3.3736337474184e-05	0.000841707445049179	0.084	0.0967	0.0923	0.0923	TRUE	0.3462
FBgn0000447	1045	322	410	1626	536	629	526	503	584	829	750	771	660.59	538	783	1.46	0.546	4.14	3.46814240864448e-05	0.000862869956251295	0.0023	0.0176	0.0108	0.0108	TRUE	0.0609
FBgn0036316	6132	2254	2642	9174	3468	4014	3088	3523	3765	4678	4850	4920	4137.36	3459	4816	1.394	0.479	4.124	3.72773327003083e-05	0.000922303339893462	0.0049	0.0136	0.0094	0.0094	TRUE	0.1094
FBgn0031461	921	311	314	1298	531	525	464	486	447	662	743	643	574.23	466	683	1.464	0.55	4.102	4.08746700552431e-05	0.00100850605590596	0.0017	0.0183	0.011	0.011	TRUE	0.0656
FBgn0037850	490	180	211	773	324	369	247	281	301	394	453	452	354.73	276	433	1.574	0.654	4.099	4.14476430562745e-05	0.00101981811243712	0.0066	0.0217	0.0151	0.0151	TRUE	0.1176
FBgn0039876	396	130	133	639	207	262	199	203	190	326	290	321	254.77	197	312	1.585	0.664	4.098	4.17447982059508e-05	0.00102430004854106	0	0.0252	0.0145	0.0145	TRUE	0.0417
FBgn0085446	7165	2348	2212	8638	3696	4278	3609	3669	3152	4405	5169	5243	4207.96	3477	4939	1.42	0.505	4.073	4.63261411725317e-05	0.00113048476554449	0.0074	0.0136	0.0108	0.0108	TRUE	0.1107
FBgn0001091	5417	2371	2543	8312	4365	5149	2728	3705	3624	4239	6105	6311	4452	3352	5552	1.657	0.728	4.072	4.66045910489684e-05	0.00113417238380645	0.0339	0.0136	0.0228	0.0228	TRUE	0.5259
FBgn0000490	319	114	98	512	208	202	161	178	140	261	291	248	213.01	160	267	1.669	0.739	4.068	4.74992852741298e-05	0.00115279600527704	0.0015	0.0276	0.0184	0.0184	TRUE	0.1016
FBgn0000565	1010	306	397	1321	604	761	509	478	566	674	845	933	667.29	518	817	1.574	0.655	4.058	4.95368943607833e-05	0.00119875571135433	0.0163	0.0176	0.017	0.017	TRUE	0.2973
FBgn0063491	1686	543	646	2252	874	1128	849	849	920	1148	1222	1383	1061.94	873	1251	1.433	0.519	4.057	4.96621598169696e-05	0.00119875571135433	0.0049	0.0158	0.0107	0.0107	TRUE	0.1011
FBgn0031268	164	67	58	350	106	135	83	105	83	178	148	165	127.03	90	164	1.851	0.889	4.054	5.03278963932372e-05	0.00120876638985967	0.005	0.0376	0.0254	0.0254	TRUE	0.1562
FBgn0051361	2360	862	807	3234	1240	1421	1189	1347	1150	1649	1734	1742	1468.47	1229	1708	1.391	0.477	4.045	5.23232885220395e-05	0.00124278274897548	0.003	0.015	0.0092	0.0092	TRUE	0.0814
FBgn0033777	1657	533	555	2498	809	880	835	833	791	1274	1131	1079	990.38	820	1161	1.419	0.505	4.035	5.46788838693958e-05	0.00129527877293805	0.0038	0.016	0.0102	0.0102	TRUE	0.0906
FBgn0027836	4797	1846	2028	6619	3248	3771	2416	2885	2890	3375	4543	4622	3455.14	2730	4180	1.531	0.615	4.026	5.66563950941015e-05	0.00133502251614593	0.0185	0.0138	0.0165	0.0165	TRUE	0.3496
FBgn0011606	2872	1023	1014	3736	1588	1743	1447	1599	1445	1905	2221	2136	1792.11	1497	2087	1.394	0.48	4.012	6.01726886491737e-05	0.00141383567133201	0.004	0.0146	0.0097	0.0097	TRUE	0.073
FBgn0041604	539	161	171	819	282	299	271	252	244	418	394	366	324.21	256	393	1.534	0.617	4.012	6.03185758511468e-05	0.00141383567133201	0	0.0226	0.0136	0.0136	TRUE	0.0397
FBgn0032436	13	6	4	62	31	18	7	9	6	32	43	22	19.78	7	32	4.564	2.19	3.987	6.69996316391264e-05	0.00154203028167881	0	0.1721	0.1283	0.1283	TRUE	0.0835
FBgn0032820	532	176	202	775	297	354	268	275	288	395	415	434	345.89	277	415	1.498	0.583	3.979	6.91264678687423e-05	0.00158280064089174	0	0.0219	0.0123	0.0123	TRUE	0.0225
FBgn0261563	2758	1210	1067	4463	1837	1866	1389	1891	1520	2276	2569	2287	1988.79	1600	2377	1.488	0.574	3.978	6.94452537893989e-05	0.00158602275769789	0.0149	0.0144	0.0144	0.0144	TRUE	0.3002
FBgn0028434	125	25	50	237	83	104	63	39	71	121	116	127	89.61	58	121	2.077	1.054	3.962	7.43295357434508e-05	0.00168033800727644	0.0022	0.048	0.0375	0.0375	TRUE	0.4802
FBgn0259246	540	247	228	908	437	439	272	386	325	463	611	538	432.53	328	537	1.648	0.72	3.962	7.4207356746726e-05	0.00168033800727644	0.0226	0.0201	0.0211	0.0211	TRUE	0.2061
FBgn0250785	2061	778	843	2937	1194	1405	1038	1216	1201	1498	1670	1722	1390.81	1152	1630	1.417	0.503	3.957	7.57438198977154e-05	0.00170797519956696	0.0061	0.0151	0.0108	0.0108	TRUE	0.0952
FBgn0029506	19279	5861	7108	31350	9069	10292	9710	9160	10128	15987	12684	12615	11713.91	9666	13762	1.424	0.51	3.948	7.87401475271666e-05	0.0017710568030921	0.0109	0.0131	0.0119	0.0119	TRUE	0.2454
FBgn0035390	1960	604	694	2598	984	1036	987	944	989	1325	1376	1270	1148.48	973	1324	1.359	0.442	3.945	7.98163713902582e-05	0.00178647292541812	0	0.0156	0.0081	0.0081	TRUE	0.0145
FBgn0038815	262	90	91	469	157	167	132	141	130	239	220	205	177.62	134	221	1.659	0.731	3.943	8.03069175000301e-05	0.00179271607562097	0	0.0306	0.0184	0.0184	TRUE	0.0654
FBgn0011710	4464	1488	1588	5667	2212	2463	2248	2325	2263	2890	3094	3019	2639.84	2279	3001	1.317	0.397	3.931	8.46404367936304e-05	0.00188473092630216	6e-04	0.014	0.0069	0.0069	TRUE	0.0131
FBgn0033926	22982	6968	6579	27596	10743	11913	11575	10890	9374	14072	15025	14602	12589.77	10613	14566	1.372	0.456	3.91	9.23171387694002e-05	0.00202529250004692	0.006	0.0131	0.0097	0.0097	TRUE	0.1271
FBgn0050185	777	224	275	1045	401	451	391	350	392	533	561	553	463.3	378	549	1.447	0.533	3.906	9.37954750801035e-05	0.00204490159639543	0	0.0196	0.011	0.011	TRUE	0.0418
FBgn0259734	477	186	156	740	274	332	240	291	222	377	383	407	320.12	251	389	1.555	0.637	3.907	9.3584214135204e-05	0.00204490159639543	0.0033	0.0227	0.0156	0.0156	TRUE	0.1816
FBgn0024177	682	176	269	1095	387	386	344	275	383	558	541	473	429.1	334	524	1.568	0.649	3.9	9.63710559441014e-05	0.00208850850436523	0.0135	0.0202	0.0173	0.0173	TRUE	0.2371
FBgn0261258	4268	1254	1154	5814	1873	2205	2150	1960	1644	2965	2620	2703	2340.13	1918	2763	1.439	0.525	3.898	9.69936905815951e-05	0.00209690000487929	0.0103	0.0142	0.0126	0.0126	TRUE	0.1866
FBgn0032105	966	333	392	1377	561	612	487	520	559	702	785	750	633.74	522	746	1.431	0.517	3.895	9.80182447784504e-05	0.00211391890131152	0.0029	0.0178	0.0109	0.0109	TRUE	0.0467
FBgn0003886	465	212	238	775	414	551	234	331	339	395	579	675	425.71	301	550	1.829	0.871	3.879	0.000105032019168854	0.00224884662196391	0.0553	0.0202	0.0335	0.0335	TRUE	0.2988
FBgn0032078	7765	2693	2968	9910	4069	4702	3911	4209	4229	5053	5691	5763	4809.4	4116	5502	1.337	0.419	3.828	0.000128970037449874	0.00267770658173898	0.0031	0.0135	0.0084	0.0084	TRUE	0.0631
FBgn0033438	2320	787	722	3120	1087	1308	1169	1230	1029	1591	1520	1603	1356.95	1143	1571	1.376	0.46	3.825	0.000130919824626379	0.00270557512284724	0.0033	0.0152	0.0096	0.0096	TRUE	0.0865
FBgn0011592	857	265	275	1274	430	446	432	414	392	650	601	547	505.89	413	599	1.453	0.539	3.811	0.000138621308246432	0.00285150113753111	0.0039	0.0191	0.0122	0.0122	TRUE	0.0694
FBgn0027843	1269	369	515	1809	652	772	639	577	734	922	912	946	788.38	650	927	1.426	0.512	3.801	0.00014423861807927	0.00295423536271969	0.0043	0.0168	0.0117	0.0117	TRUE	0.1392
FBgn0051460	377	99	150	674	203	233	190	155	214	344	284	286	245.26	186	305	1.639	0.713	3.8	0.000144434394879254	0.00295423536271969	0.0125	0.0257	0.0207	0.0207	TRUE	0.1917
FBgn0036560	18	4	5	74	14	32	9	6	7	38	20	39	19.83	7	32	4.193	2.068	3.784	0.000154635186611617	0.00313030819806745	0	0.1716	0.1323	0.1323	TRUE	0.6278
FBgn0261444	1212	457	372	1669	681	747	610	714	530	851	952	916	762.31	618	906	1.466	0.552	3.759	0.000170628102094173	0.00341524607944449	0.0098	0.017	0.014	0.014	TRUE	0.1987
FBgn0035173	792	312	266	1192	443	506	399	488	379	608	620	620	518.86	422	616	1.465	0.551	3.758	0.00017124723041853	0.00341995309717006	0.0047	0.0189	0.0133	0.0133	TRUE	0.1944
FBgn0051116	257	88	100	429	159	172	129	138	142	219	222	211	176.9	136	217	1.601	0.679	3.749	0.00017758910774406	0.00352290909282036	0	0.0306	0.0173	0.0173	TRUE	0.0281
FBgn0011674	180	47	59	312	99	119	91	73	84	159	138	146	115.27	83	148	1.775	0.828	3.746	0.000179954814875144	0.00354614499135599	0	0.0402	0.0253	0.0253	TRUE	0.0881
FBgn0029975	4498	1441	1888	6174	2418	2673	2265	2252	2690	3148	3382	3276	2835.7	2402	3269	1.361	0.445	3.74	0.00018387524343646	0.003599509435799	0.0055	0.014	0.0098	0.0098	TRUE	0.131
FBgn0035710	20	3	5	61	22	25	10	5	7	31	31	31	19.07	7	31	3.939	1.978	3.741	0.000183522205792673	0.003599509435799	0	0.178	0.1187	0.1187	TRUE	0.6109
FBgn0037213	848	324	285	1206	451	594	427	506	406	615	631	728	552.23	446	658	1.475	0.561	3.734	0.000188798881216631	0.00367971911377797	0.0085	0.0185	0.0142	0.0142	TRUE	0.1449
FBgn0031489	1616	614	707	2424	953	1079	814	960	1007	1236	1333	1323	1112.07	927	1297	1.403	0.489	3.732	0.000189810532109186	0.00369135897269983	0.0063	0.0157	0.0113	0.0113	TRUE	0.1468
FBgn0038545	127	26	41	278	70	85	64	41	58	142	98	104	84.48	54	115	2.092	1.065	3.727	0.000193471670957911	0.00375436203316364	0.0344	0.0501	0.0445	0.0445	TRUE	0.5043
FBgn0026179	799	274	243	1048	466	464	402	428	346	534	652	569	488.63	392	585	1.486	0.571	3.721	0.000198469940641961	0.00383464590303242	0.0078	0.0193	0.0147	0.0147	TRUE	0.1131
FBgn0031245	288	93	128	495	175	206	145	145	182	252	245	252	203.74	157	250	1.596	0.675	3.71	0.000207119316609918	0.00398447462860591	0.0013	0.0283	0.0183	0.0183	TRUE	0.1772
FBgn0031769	2288	765	827	2966	1143	1254	1152	1196	1178	1512	1599	1537	1362.41	1175	1549	1.318	0.399	3.71	0.000207574578568539	0.00398462666230599	0	0.0152	0.0075	0.0075	TRUE	0.0091
FBgn0029664	1026	331	384	1527	482	608	517	517	547	779	674	745	629.87	527	733	1.394	0.48	3.666	0.000246567571686727	0.00463644629614828	0.0021	0.0178	0.0106	0.0106	TRUE	0.0554
FBgn0085339	2334	702	745	2767	1157	1224	1176	1097	1062	1411	1618	1500	1310.61	1112	1510	1.355	0.438	3.666	0.000246735774601357	0.00463644629614828	0.0033	0.0152	0.0094	0.0094	TRUE	0.0469
FBgn0261989	11	6	3	74	17	17	6	9	4	38	24	21	16.92	6	28	4.513	2.174	3.659	0.000252724286001809	0.00472902356180277	0	0.1989	0.1523	0.1523	TRUE	0.9654
FBgn0085354	226	62	98	351	142	186	114	97	140	179	199	228	159.32	117	202	1.722	0.784	3.658	0.000254064388466712	0.00474413314061426	0.0134	0.0326	0.0258	0.0258	TRUE	0.2393
FBgn0016032	578	248	283	1029	416	437	291	388	403	525	582	536	454.02	361	548	1.529	0.613	3.655	0.000257404994169526	0.00479645665913801	0.0149	0.0198	0.0177	0.0177	TRUE	0.3745
FBgn0001206	1027	323	356	1306	522	583	517	505	507	666	730	715	606.66	510	704	1.376	0.461	3.644	0.000268621426679242	0.00498460634881668	0	0.018	0.0097	0.0097	TRUE	0.0281
FBgn0030305	816	259	329	1178	492	464	411	405	469	601	688	569	523.68	428	619	1.446	0.532	3.643	0.000269642252529854	0.00499314665963286	0.0054	0.0189	0.0132	0.0132	TRUE	0.1048
FBgn0033268	112	40	52	202	86	120	56	63	74	103	120	147	93.9	64	123	1.928	0.947	3.64	0.000272901599770268	0.00503257670632253	0.0197	0.0464	0.036	0.036	TRUE	0.2043
FBgn0038804	172	50	61	256	115	124	87	78	87	131	161	152	115.84	84	148	1.742	0.8	3.616	0.0002989111123911	0.00545574032390887	0	0.04	0.0254	0.0254	TRUE	0.1325
FBgn0035113	194	60	66	296	117	135	98	94	94	151	164	165	127.6	95	160	1.67	0.74	3.607	0.000309473673652039	0.00562547349228309	0	0.0375	0.0215	0.0215	TRUE	0.0318
FBgn0034029	855	256	322	1291	405	491	431	400	459	658	566	602	519.35	430	609	1.42	0.506	3.606	0.000311186882928549	0.00563362106960282	0.0033	0.0189	0.012	0.012	TRUE	0.0639
FBgn0051219	2643	990	1199	4958	1443	1677	1331	1547	1708	2528	2018	2055	1864.8	1529	2200	1.444	0.53	3.606	0.000311063562077556	0.00563362106960282	0.0152	0.0145	0.0149	0.0149	TRUE	0.2093
FBgn0263118	680	201	212	928	318	374	342	314	302	473	445	458	389.18	319	459	1.431	0.517	3.596	0.000323362425109335	0.00581856387969465	0	0.0209	0.012	0.012	TRUE	0.0527
FBgn0013997	3149	1141	1084	4567	1651	1646	1586	1783	1545	2329	2309	2017	1928.22	1638	2218	1.356	0.439	3.591	0.000328781908789	0.00590415415641859	0.0053	0.0145	0.0102	0.0102	TRUE	0.0754
FBgn0026150	1539	547	607	2124	811	919	775	855	865	1083	1134	1126	973.12	832	1114	1.343	0.425	3.59	0.000330332044196368	0.00591059752288435	0.0015	0.0161	0.009	0.009	TRUE	0.0463
FBgn0265274	69	17	26	140	50	59	35	27	37	71	70	72	52	33	71	2.15	1.104	3.589	0.000331513022656873	0.00591059752288435	0	0.0734	0.045	0.045	TRUE	0.1214
FBgn0036688	493	186	237	732	374	423	248	291	338	373	523	518	381.92	292	471	1.616	0.692	3.583	0.000339963548234115	0.00604402260303645	0.0279	0.0211	0.0239	0.0239	TRUE	0.4183
FBgn0034793	744	261	360	1170	446	604	375	408	513	597	624	740	542.72	432	654	1.518	0.602	3.576	0.000348467085486979	0.00617532896650805	0.0179	0.0186	0.0183	0.0183	TRUE	0.3034
FBgn0038261	22	15	9	68	40	39	11	23	13	35	56	48	30.96	16	46	3.027	1.598	3.573	0.000353383855687052	0.00623285149030609	0.0633	0.1146	0.0975	0.0975	TRUE	0.3938
FBgn0010786	6159	2389	2555	8325	3724	4118	3102	3734	3641	4245	5208	5047	4162.89	3492	4833	1.385	0.469	3.558	0.000373893121153415	0.00656857205150585	0.0101	0.0136	0.0123	0.0123	TRUE	0.1399
FBgn0259741	34	13	12	102	35	32	17	20	17	52	49	39	32.45	18	47	2.614	1.386	3.555	0.000377825394130533	0.00662458816047373	0	0.1099	0.0694	0.0694	TRUE	0.1417
FBgn0036764	5144	2010	2450	7892	3139	3670	2591	3141	3491	4024	4390	4498	3689.35	3074	4304	1.401	0.487	3.551	0.000383772585765126	0.00667629379181637	0.0121	0.0137	0.0132	0.0132	TRUE	0.2354
FBgn0265140	9365	3139	3034	11381	4403	4970	4717	4906	4323	5804	6158	6092	5333.18	4649	6018	1.294	0.372	3.551	0.000383700857361782	0.00667629379181637	0.0022	0.0134	0.0077	0.0077	TRUE	0.045
FBgn0036641	300	117	151	555	201	242	151	183	215	283	281	297	234.98	183	287	1.586	0.665	3.549	0.000387259694865268	0.00672382476055545	0.0117	0.0262	0.0205	0.0205	TRUE	0.3159
FBgn0003884	50776	22647	26101	77384	40342	46038	25574	35393	37191	39461	56423	56428	41745.18	32719	50771	1.552	0.634	3.513	0.000442487566583352	0.00765288690399595	0.0368	0.0129	0.0234	0.0234	TRUE	0.4654
FBgn0021795	3446	1200	1492	4675	1931	2226	1736	1875	2126	2384	2701	2728	2258.34	1912	2604	1.363	0.446	3.51	0.000447553757917893	0.00771056348505739	0.0074	0.0142	0.0111	0.0111	TRUE	0.1149
FBgn0032956	5394	1342	1413	8674	2317	2385	2717	2097	2013	4423	3241	2923	2902.42	2276	3529	1.55	0.632	3.508	0.000451565691253906	0.00774970252793553	0.0388	0.0139	0.023	0.023	TRUE	0.6028
FBgn0086357	7335	2676	3175	9958	4144	4843	3694	4182	4524	5078	5796	5936	4868.4	4133	5603	1.356	0.439	3.499	0.000466723898662013	0.00797909743835422	0.0081	0.0135	0.0111	0.0111	TRUE	0.1072
FBgn0040308	1269	375	475	1779	597	689	639	586	677	907	835	844	748.12	634	862	1.361	0.445	3.498	0.000469055857663176	0.00800360253679292	0.0016	0.0171	0.0102	0.0102	TRUE	0.0462
FBgn0035539	28	3	5	53	23	39	14	5	7	27	32	48	22.15	9	36	3.729	1.899	3.486	0.000491015363825597	0.00836228268756136	0.1176	0.155	0.1433	0.1433	TRUE	1.3654
FBgn0051909	2	3	0	86	15	2	1	5	0	44	21	2	12.16	2	22	13.53	3.758	3.481	0.000499901540217233	0.00849737217312003	1.212	0.2717	0.5112	0.5112	TRUE	0.135
FBgn0037028	562	141	189	783	244	363	283	220	269	399	341	445	326.37	257	395	1.526	0.61	3.473	0.00051406050401459	0.00867185020692794	0.0128	0.0225	0.0188	0.0188	TRUE	0.1596
FBgn0261109	441	200	227	801	334	366	222	313	323	408	467	449	363.72	286	441	1.557	0.638	3.472	0.000516710496494256	0.00870007635590612	0.0207	0.0215	0.0212	0.0212	TRUE	0.5028
FBgn0250906	3552	1568	1773	5518	2585	2995	1789	2450	2526	2814	3615	3671	2811.01	2255	3367	1.494	0.579	3.468	0.000525282520320664	0.00881109493125453	0.0258	0.014	0.0197	0.0197	TRUE	0.4056
FBgn0023477	2535	1012	1180	3653	1649	1937	1277	1582	1681	1863	2306	2374	1847.17	1513	2181	1.443	0.529	3.461	0.000537410063901985	0.00896387909957861	0.017	0.0145	0.0162	0.0162	TRUE	0.234
FBgn0035523	79	10	23	180	65	41	40	16	33	92	91	50	53.52	30	78	2.56	1.356	3.462	0.000537135451054731	0.00896387909957861	0.1186	0.0717	0.086	0.086	TRUE	0.9019
FBgn0031688	42	5	16	116	40	30	21	8	23	59	56	37	33.94	17	51	2.854	1.513	3.46	0.000539676857047991	0.0089848631135074	0.0743	0.1056	0.0976	0.0976	TRUE	0.6882
FBgn0037607	7522	3030	3393	10175	5200	5962	3789	4735	4835	5189	7273	7308	5521.27	4453	6590	1.48	0.566	3.457	0.000545267008139015	0.00906099485353397	0.0251	0.0134	0.0191	0.0191	TRUE	0.4252
FBgn0039651	84	44	35	181	84	82	42	69	50	92	117	101	78.54	54	103	1.964	0.974	3.445	0.000570913672626025	0.0094519109332342	0.0226	0.0529	0.0422	0.0422	TRUE	0.4231
FBgn0264305	1879	731	694	2737	955	1139	946	1142	989	1396	1336	1396	1200.86	1026	1376	1.345	0.428	3.445	0.000572030830456219	0.00945283600533125	0.0041	0.0155	0.0102	0.0102	TRUE	0.1141
FBgn0032026	4135	1543	1596	5733	2153	2334	2083	2411	2274	2923	3011	2861	2593.95	2256	2932	1.301	0.38	3.442	0.00057690126947905	0.00949807690804048	0.0024	0.0141	0.0083	0.0083	TRUE	0.057
FBgn0001197	6321	1833	2252	7725	2823	3250	3184	2865	3209	3939	3948	3983	3521.38	3086	3957	1.282	0.358	3.439	0.000584776945634429	0.00960997832982631	0.0015	0.0137	0.0075	0.0075	TRUE	0.0466
FBgn0040070	6583	1946	2534	8494	3049	3565	3316	3041	3611	4331	4264	4370	3822.16	3323	4322	1.301	0.379	3.436	0.000590270819264534	0.00962919814503517	0.0034	0.0137	0.0085	0.0085	TRUE	0.0683
FBgn0037240	3383	973	938	4558	1420	1638	1704	1521	1337	2324	1986	2008	1813.18	1521	2106	1.384	0.469	3.428	0.000608374544483219	0.00988830669290517	0.0105	0.0146	0.0129	0.0129	TRUE	0.1397
FBgn0031738	2058	648	609	2852	918	1023	1037	1013	868	1454	1284	1254	1151.53	973	1331	1.369	0.453	3.425	0.000615250218074645	0.00998184643422743	0.0064	0.0156	0.0116	0.0116	TRUE	0.1027
FBgn0030662	1296	514	517	1749	787	926	653	803	737	892	1101	1135	886.72	731	1043	1.428	0.514	3.421	0.00062416954468147	0.0100715183595613	0.0131	0.0164	0.015	0.015	TRUE	0.2008
FBgn0039538	148	52	48	220	92	134	75	81	68	112	129	164	104.88	75	135	1.795	0.844	3.412	0.000644709917696473	0.0103281137354721	0.0177	0.0429	0.033	0.033	TRUE	0.3536
FBgn0034249	870	255	362	1141	491	556	438	399	516	582	687	681	550.43	451	650	1.439	0.525	3.406	0.000660268275683577	0.0105205895018133	0.0096	0.0186	0.0151	0.0151	TRUE	0.1695
FBgn0035091	774	188	255	1102	358	390	390	294	363	562	501	478	431.28	349	514	1.466	0.552	3.396	0.000683738234488436	0.0108363993853888	0.011	0.0201	0.0164	0.0164	TRUE	0.2003
FBgn0030456	1108	392	409	1456	582	654	558	613	583	742	814	802	685.26	585	786	1.346	0.428	3.393	0.00069089562849719	0.0108483904940184	0.0016	0.0174	0.0099	0.0099	TRUE	0.0302
FBgn0031148	3839	1452	1836	5201	2606	3262	1934	2269	2616	2652	3645	3998	2852.35	2273	3432	1.51	0.595	3.395	0.000685876142897017	0.0108483904940184	0.0314	0.0139	0.0217	0.0217	TRUE	0.4863
FBgn0063494	2846	797	1008	4012	1239	1449	1433	1246	1436	2046	1733	1776	1611.68	1372	1852	1.35	0.433	3.394	0.000689030516661863	0.0108483904940184	0.0064	0.0148	0.011	0.011	TRUE	0.1047
FBgn0262081	13232	4794	4434	16854	6637	7137	6665	7492	6318	8594	9283	8748	7849.92	6825	8875	1.3	0.379	3.395	0.000687141081238094	0.0108483904940184	0.0045	0.0132	0.0088	0.0088	TRUE	0.0883
FBgn0002543	1431	637	536	2178	909	955	721	996	764	1111	1271	1171	1005.42	827	1184	1.436	0.522	3.391	0.000695288739900701	0.0108648014145536	0.0168	0.016	0.0159	0.0159	TRUE	0.3674
FBgn0261842	61	20	43	143	62	92	31	31	61	73	87	113	65.94	41	91	2.24	1.164	3.372	0.000746372328226736	0.0116019866099748	0.0785	0.0606	0.0665	0.0665	TRUE	0.7951
FBgn0034259	1558	486	608	2091	725	929	785	760	866	1066	1014	1139	938.25	804	1073	1.336	0.418	3.369	0.000754306352279668	0.0116845333560957	0.0025	0.0162	0.0099	0.0099	TRUE	0.0524
FBgn0264895	536	138	134	787	228	279	270	216	191	401	319	342	289.79	226	354	1.56	0.642	3.369	0.000754047623416058	0.0116845333560957	0.02	0.0237	0.0222	0.0222	TRUE	0.377
FBgn0034013	2508	956	927	3251	1374	1558	1263	1494	1321	1658	1922	1910	1594.54	1359	1830	1.347	0.429	3.367	0.00075909601733072	0.011712209914191	0.0063	0.0148	0.011	0.011	TRUE	0.0882
FBgn0259935	82	32	23	175	61	58	41	50	33	89	85	71	61.62	41	82	1.994	0.996	3.368	0.000758130832876439	0.011712209914191	0.0032	0.0639	0.0438	0.0438	TRUE	0.171
FBgn0031816	247	92	109	369	176	203	124	144	155	188	246	249	184.44	141	228	1.616	0.692	3.362	0.000772846519403898	0.0118890223632652	0.0163	0.0299	0.0243	0.0243	TRUE	0.2949
FBgn0014163	7497	2305	2299	10447	3066	3804	3776	3602	3276	5327	4288	4663	4155.36	3551	4759	1.34	0.423	3.355	0.000794157521025831	0.012174803855038	0.0083	0.0136	0.0112	0.0112	TRUE	0.1342
FBgn0264343	56	9	8	222	29	29	28	14	11	113	41	36	40.5	18	63	3.429	1.778	3.353	0.000799865574021436	0.0121993196366591	0.3052	0.0906	0.165	0.165	TRUE	4.9802
FBgn0039788	18	2	8	69	20	19	9	3	11	35	28	23	18.34	8	29	3.587	1.843	3.321	0.00089619867764312	0.0134384539086991	0.0276	0.1845	0.1397	0.1397	TRUE	0.3546
FBgn0039178	20	5	4	49	32	17	10	8	6	25	45	21	19.03	8	30	3.632	1.861	3.313	0.000923881345516722	0.0137745775242592	0.0841	0.1783	0.146	0.146	TRUE	0.9022
FBgn0034950	142	51	49	248	85	102	72	80	70	126	119	125	98.57	74	123	1.686	0.754	3.31	0.000931864200889599	0.0138566184262498	0	0.0448	0.0259	0.0259	TRUE	0.0344
FBgn0030433	652	251	324	1078	416	467	328	392	462	550	582	572	481.04	394	568	1.45	0.536	3.304	0.000951478377340636	0.0140777706095898	0.0128	0.0194	0.0166	0.0166	TRUE	0.2809
FBgn0041629	16938	7612	8754	25541	12986	15029	8531	11896	12474	13024	18163	18421	13751.42	10967	16536	1.508	0.593	3.305	0.000949999119755088	0.0140777706095898	0.0357	0.0131	0.0231	0.0231	TRUE	0.4634
FBgn0052436	572	252	212	938	363	365	288	394	302	478	508	447	402.9	328	478	1.467	0.552	3.297	0.000976714970733251	0.0144033116627832	0.0124	0.0207	0.0174	0.0174	TRUE	0.3247
FBgn0020391	327	122	145	507	227	223	165	191	207	259	317	273	235.22	188	283	1.518	0.602	3.296	0.000979048014720928	0.014413852342346	0.0092	0.0262	0.0192	0.0192	TRUE	0.1508
FBgn0000928	933	398	407	1385	621	667	470	622	580	706	869	818	677.37	557	798	1.435	0.521	3.294	0.000987471938064862	0.0145138820995771	0.0149	0.0175	0.0164	0.0164	TRUE	0.2424
FBgn0002567	63	23	26	118	53	63	32	36	37	60	74	77	52.71	35	70	2.025	1.018	3.282	0.00103062072489224	0.0150734627202219	0	0.0726	0.0466	0.0466	TRUE	0.1973
FBgn0001223	399	170	196	640	269	383	201	266	279	326	376	469	319.66	249	390	1.579	0.659	3.273	0.00106271193989322	0.0154413951853652	0.0301	0.0227	0.0256	0.0256	TRUE	0.3161
FBgn0250837	3308	1158	1532	4539	2042	2187	1666	1810	2183	2315	2856	2681	2251.66	1886	2617	1.388	0.473	3.271	0.00106984975920438	0.0154945557808674	0.0149	0.0142	0.0146	0.0146	TRUE	0.2274
FBgn0029970	228	70	70	336	113	151	115	109	100	171	158	185	139.74	108	171	1.58	0.66	3.26	0.00111466253915009	0.0160133858648545	0	0.0354	0.0215	0.0215	TRUE	0.0448
FBgn0003888	10266	3925	4186	12618	6401	7467	5171	6134	5965	6434	8953	9152	6968.09	5757	8180	1.421	0.507	3.259	0.00111693943366589	0.0160202569012272	0.0209	0.0133	0.0173	0.0173	TRUE	0.4281
FBgn0029856	400	81	133	750	182	206	201	127	190	382	255	252	234.51	173	296	1.715	0.778	3.253	0.00114157356937544	0.0163210205175394	0.0518	0.0263	0.0363	0.0363	TRUE	0.7801
FBgn0032421	202	88	119	429	143	210	102	138	170	219	200	257	180.83	137	225	1.68	0.748	3.245	0.00117261977690084	0.0166845436946578	0.0345	0.0303	0.0318	0.0318	TRUE	0.4541
FBgn0035165	7478	2214	2610	9726	3100	3819	3766	3460	3719	4960	4336	4681	4153.63	3648	4659	1.277	0.353	3.241	0.00119019332509666	0.0168806559659808	0.0029	0.0136	0.0083	0.0083	TRUE	0.0445
FBgn0032881	365	102	125	537	165	223	184	159	178	274	231	273	216.55	174	259	1.489	0.575	3.234	0.00122274833934831	0.0172599357505157	0.0027	0.0274	0.0176	0.0176	TRUE	0.0931
FBgn0037896	107	41	35	188	69	85	54	64	50	96	97	104	77.4	56	99	1.775	0.828	3.231	0.00123533342386397	0.0173769765949655	0	0.0535	0.0325	0.0325	TRUE	0.0954
FBgn0039644	1845	618	670	2422	875	968	929	966	955	1235	1224	1186	1082.52	950	1215	1.281	0.357	3.23	0.00123689268678658	0.0173769765949655	0	0.0158	0.0078	0.0078	TRUE	0.005
FBgn0025641	1172	491	458	1569	771	836	590	767	653	800	1078	1025	818.89	670	968	1.445	0.531	3.225	0.00126091813048423	0.0176310797303345	0.0187	0.0167	0.0182	0.0182	TRUE	0.2869
FBgn0011259	642	179	161	1056	283	304	323	280	229	538	396	373	356.57	277	436	1.568	0.649	3.222	0.00127339047407597	0.0177220139884292	0.0312	0.0217	0.026	0.026	TRUE	0.5253
FBgn0052056	1675	678	771	2389	1020	1344	844	1060	1099	1218	1427	1647	1215.66	1001	1431	1.432	0.518	3.222	0.00127141015992719	0.0177220139884292	0.0194	0.0154	0.0177	0.0177	TRUE	0.1613
FBgn0265413	3679	1495	1879	6220	2223	2644	1853	2336	2677	3172	3109	3241	2731.41	2289	3174	1.389	0.474	3.218	0.00129145754786568	0.0179454171276748	0.016	0.014	0.0152	0.0152	TRUE	0.346
FBgn0035932	42	5	17	86	39	36	21	8	24	44	55	44	32.62	18	48	2.585	1.37	3.212	0.00131636730757725	0.0182346556898765	0.0215	0.1094	0.0909	0.0909	TRUE	0.7195
FBgn0031538	287	116	149	456	216	269	145	181	212	233	302	330	233.75	179	288	1.614	0.691	3.211	0.00132232539540096	0.0182887458025408	0.0315	0.0263	0.0284	0.0284	TRUE	0.3772
FBgn0000042	137948	46027	50826	155693	73446	83437	69480	71932	72422	79394	102724	102268	83036.35	71278	94795	1.33	0.411	3.201	0.00137157504161258	0.0189404944118501	0.0101	0.0129	0.0119	0.0119	TRUE	0.2476
FBgn0052803	503	155	212	755	249	332	253	242	302	385	348	407	322.97	266	380	1.434	0.52	3.194	0.00140421181684287	0.0192420225424915	0.0045	0.0226	0.0157	0.0157	TRUE	0.1424
FBgn0033205	2733	920	1146	4076	1361	1504	1377	1438	1633	2079	1904	1843	1712.12	1483	1942	1.313	0.393	3.19	0.00142130918042273	0.0194463915054151	0.0052	0.0147	0.0103	0.0103	TRUE	0.0939
FBgn0038043	591	195	238	744	342	425	298	305	339	379	478	521	386.7	314	459	1.46	0.546	3.189	0.00142643856469597	0.0194866384904095	0.0145	0.021	0.0182	0.0182	TRUE	0.2975
FBgn0261555	161	49	47	247	94	97	81	77	67	126	131	119	100.16	75	125	1.66	0.731	3.187	0.00143561751441085	0.0195819987761982	0	0.0443	0.0267	0.0267	TRUE	0.0682
FBgn0037046	32	9	8	116	30	18	16	14	11	59	42	22	27.46	14	41	2.957	1.564	3.18	0.00147394061989911	0.0200433421396051	0.1179	0.1275	0.124	0.124	TRUE	0.0998
FBgn0016075	54938	21905	21596	68892	37729	35705	27670	34233	30772	35131	52769	43763	37389.75	30892	43888	1.421	0.507	3.17	0.00152662026386966	0.0206650557603147	0.0258	0.0129	0.0184	0.0184	TRUE	0.1412
FBgn0285925	623	203	198	834	307	329	314	317	282	425	429	403	361.85	304	419	1.376	0.46	3.163	0.00156332029482648	0.0210977179788174	0	0.0215	0.0122	0.0122	TRUE	0.0416
FBgn0030343	2267	1009	937	3083	1546	1759	1142	1577	1335	1572	2162	2156	1657.37	1351	1963	1.454	0.54	3.159	0.00158544733909302	0.0213316910110295	0.027	0.0147	0.0204	0.0204	TRUE	0.3758
FBgn0033153	457	152	155	597	234	280	230	238	221	304	327	343	277.25	230	325	1.412	0.497	3.159	0.00158329366605937	0.0213316910110295	0	0.0242	0.0139	0.0139	TRUE	0.0402
FBgn0013720	563	190	244	767	325	391	284	297	348	391	455	479	375.52	310	442	1.428	0.514	3.157	0.0015962214218458	0.0214442597351139	0.0092	0.0212	0.0161	0.0161	TRUE	0.1287
FBgn0035203	1165	459	538	1636	716	905	587	717	767	834	1001	1109	835.94	690	981	1.425	0.51	3.145	0.00166175509962865	0.0221907836167803	0.019	0.0166	0.0176	0.0176	TRUE	0.2194
FBgn0051216	2546	853	884	3574	1113	1326	1282	1333	1260	1823	1557	1625	1479.91	1292	1668	1.294	0.372	3.144	0.00166650830022814	0.0222209422606768	0.0034	0.015	0.0093	0.0093	TRUE	0.0819
FBgn0034403	99	26	45	225	55	79	50	41	64	115	77	97	73.85	52	96	1.888	0.917	3.143	0.00167342182875915	0.0222797731371565	0.0262	0.0555	0.0455	0.0455	TRUE	0.1409
FBgn0261244	2565	822	895	3110	1214	1294	1292	1285	1275	1586	1698	1586	1453.62	1284	1623	1.263	0.337	3.141	0.0016817408089751	0.0223571125157331	0	0.015	0.0075	0.0075	TRUE	0.0189
FBgn0036272	1482	481	551	1777	758	856	746	752	785	906	1060	1049	883.13	761	1005	1.318	0.399	3.141	0.00168539942033041	0.0223723586242667	0.0038	0.0164	0.0104	0.0104	TRUE	0.0945
FBgn0264816	161	44	60	245	88	115	81	69	85	125	123	141	104.05	78	130	1.642	0.715	3.138	0.00170006136282291	0.022499920592368	0	0.0431	0.0267	0.0267	TRUE	0.0787
FBgn0053558	5668	1827	1709	6364	2815	2912	2855	2855	2435	3245	3937	3569	3149.46	2715	3584	1.319	0.399	3.135	0.00171695525183366	0.0226561784119739	0.0082	0.0138	0.0113	0.0113	TRUE	0.0975
FBgn0004584	3572	1047	1202	4271	1532	1756	1799	1636	1713	2178	2143	2152	1936.84	1716	2158	1.256	0.329	3.119	0.00181267118020226	0.0238133660797368	7e-04	0.0145	0.0074	0.0074	TRUE	0.0227
FBgn0003053	208	84	80	357	121	148	105	131	114	182	169	181	147.12	117	177	1.542	0.624	3.114	0.00184843711613178	0.0241858298101316	0	0.0342	0.0214	0.0214	TRUE	0.1063
FBgn0017577	2200	772	876	2869	1162	1224	1108	1206	1248	1463	1625	1500	1358.54	1187	1529	1.289	0.366	3.113	0.0018491692040754	0.0241858298101316	0.0028	0.0152	0.0092	0.0092	TRUE	0.0442
FBgn0001122	2180	501	457	3309	837	939	1098	783	651	1687	1171	1151	1090.18	844	1336	1.58	0.66	3.106	0.001895417191556	0.0246819896567095	0.0615	0.0157	0.0315	0.0315	TRUE	0.8511
FBgn0037848	1004	368	414	1433	537	590	506	575	590	731	751	723	645.94	557	735	1.325	0.406	3.099	0.00194159041369398	0.0251942314639523	0.0026	0.0177	0.0107	0.0107	TRUE	0.086
FBgn0029594	729	212	285	990	351	413	367	331	406	505	491	506	434.42	368	501	1.36	0.443	3.086	0.00202698583271727	0.0261278767178187	0	0.0201	0.0123	0.0123	TRUE	0.0808
FBgn0263093	535	170	144	734	268	266	269	266	205	374	375	326	302.58	247	358	1.447	0.533	3.085	0.0020364287452149	0.0262116630543774	0.0086	0.0233	0.0178	0.0178	TRUE	0.2199
FBgn0034523	479	153	193	786	242	269	241	239	275	401	338	330	304.06	252	356	1.425	0.511	3.081	0.00206233291386967	0.026506781044498	0.0068	0.0232	0.0162	0.0162	TRUE	0.1513
FBgn0030361	211	56	81	311	108	147	106	88	115	159	151	180	133.17	103	163	1.576	0.656	3.08	0.00206825154031319	0.0265445482270455	5e-04	0.0365	0.0243	0.0243	TRUE	0.1291
FBgn0039125	1559	604	733	2188	992	1094	785	944	1044	1116	1387	1341	1102.95	924	1281	1.388	0.473	3.078	0.00208690472389285	0.0267454106125375	0.015	0.0157	0.016	0.016	TRUE	0.2207
FBgn0083983	167	27	54	338	82	88	84	42	77	172	115	108	99.69	68	132	1.926	0.945	3.073	0.00212233796785467	0.0271214695547799	0.0799	0.0444	0.0563	0.0563	TRUE	0.8557
FBgn0039759	9	4	10	42	17	32	5	6	14	21	24	39	18.24	8	28	3.565	1.834	3.07	0.00213960221741931	0.027302918267269	0.1397	0.1855	0.171	0.171	TRUE	1.1503
FBgn0030344	2476	825	872	3199	1109	1270	1247	1289	1243	1631	1551	1557	1419.65	1260	1580	1.255	0.328	3.069	0.00214978399015694	0.0273154436523936	0	0.0151	0.0075	0.0075	TRUE	0.0103
FBgn0035267	42	20	11	90	43	38	21	31	16	46	60	47	36.78	23	51	2.256	1.173	3.056	0.00224105888376108	0.0282757305725363	0.0099	0.0985	0.0722	0.0722	TRUE	0.3911
FBgn0035167	107	55	51	211	80	127	54	86	73	108	112	156	97.94	71	125	1.796	0.845	3.055	0.00225296717859327	0.0283034959939777	0.0397	0.045	0.043	0.043	TRUE	0.5518
FBgn0037717	806	285	343	1079	458	519	406	445	489	550	641	636	527.84	447	609	1.365	0.449	3.055	0.00225230785045596	0.0283034959939777	0.0068	0.0188	0.0134	0.0134	TRUE	0.0911
FBgn0039006	1071	359	366	1492	489	557	539	561	522	761	684	683	624.91	541	709	1.315	0.395	3.055	0.00225190557616753	0.0283034959939777	0.0018	0.0179	0.0103	0.0103	TRUE	0.0519
FBgn0033924	747	203	226	929	337	369	376	317	322	474	471	452	402.14	338	466	1.367	0.451	3.054	0.0022573131627269	0.0283181525921246	0.0033	0.0207	0.013	0.013	TRUE	0.1245
FBgn0032422	45	22	20	86	59	50	23	34	28	44	83	61	45.53	28	63	2.212	1.145	3.052	0.00227699793874166	0.0284848604499607	0.0601	0.082	0.0737	0.0737	TRUE	0.1322
FBgn0051324	1569	569	571	2079	801	840	790	889	814	1060	1120	1030	950.52	831	1070	1.29	0.367	3.045	0.0023265180121203	0.0290228234369125	0.0015	0.0162	0.0093	0.0093	TRUE	0.0427
FBgn0031018	58	24	13	122	42	46	29	38	19	62	59	56	43.76	29	59	2.088	1.062	3.039	0.00237678085252558	0.0296083735013222	0	0.0848	0.0605	0.0605	TRUE	0.3601
FBgn0020633	2983	1040	1204	3615	1648	1846	1502	1625	1716	1843	2305	2263	1875.72	1614	2137	1.323	0.404	3.034	0.00241318233694049	0.0299779847630808	0.0085	0.0145	0.0122	0.0122	TRUE	0.1798
FBgn0264743	2359	892	946	3354	1172	1361	1188	1394	1348	1710	1639	1668	1491.3	1310	1672	1.28	0.357	3.028	0.00245957194250621	0.0304692730068189	0.0032	0.015	0.0092	0.0092	TRUE	0.0848
FBgn0086532	2510	958	1100	3441	1423	1582	1264	1497	1567	1755	1990	1939	1668.79	1443	1895	1.315	0.395	3.023	0.00250529190783532	0.0309347498232494	0.0073	0.0147	0.0116	0.0116	TRUE	0.1487
FBgn0036449	3138	886	951	3766	1269	1510	1581	1385	1355	1920	1775	1851	1644.38	1440	1849	1.282	0.358	3.018	0.00254751967254469	0.0312544872222528	0.0035	0.0148	0.0095	0.0095	TRUE	0.0921
FBgn0087041	327	97	136	521	167	198	165	152	194	266	234	243	208.67	170	248	1.462	0.548	3.014	0.00257883791566056	0.0315256900674641	0.0032	0.0279	0.0185	0.0185	TRUE	0.1348
FBgn0032805	337	91	92	625	156	155	170	142	131	319	218	190	194.99	148	242	1.642	0.715	3.012	0.0025954922316959	0.0316685606955005	0.0439	0.029	0.0348	0.0348	TRUE	0.9232
FBgn0040238	3223	1204	1199	4308	1537	1817	1623	1882	1708	2197	2150	2227	1964.5	1738	2191	1.263	0.337	3.004	0.00266138339035553	0.0323396205428332	0.0023	0.0144	0.0085	0.0085	TRUE	0.0621
FBgn0000579	13023	5253	5575	16560	8184	9206	6559	8209	7944	8445	11446	11284	8981.19	7571	10392	1.373	0.457	2.997	0.00272741430527671	0.0330518084586389	0.0199	0.0132	0.0166	0.0166	TRUE	0.3299
FBgn0000346	152	47	45	205	84	113	77	73	64	105	117	139	95.78	71	120	1.661	0.732	2.993	0.0027614606644655	0.0333283606211304	0	0.0457	0.0312	0.0312	TRUE	0.1759
FBgn0039590	2420	942	797	3108	1233	1433	1219	1472	1136	1585	1725	1756	1482.08	1276	1689	1.324	0.405	2.992	0.00277395833080778	0.0334338928991948	0.0099	0.015	0.0125	0.0125	TRUE	0.2099
FBgn0026415	69	19	32	129	57	53	35	30	46	66	80	65	53.42	37	70	1.91	0.934	2.987	0.00281597187768017	0.0338127642440703	4e-04	0.0718	0.0484	0.0484	TRUE	0.2344
FBgn0024841	1401	414	487	1591	682	754	706	647	694	811	954	924	789.32	682	896	1.309	0.388	2.981	0.00287332346930563	0.034445076905929	0.004	0.0168	0.0108	0.0108	TRUE	0.0879
FBgn0053105	1060	191	315	1596	472	450	534	298	449	814	660	552	551.13	427	675	1.575	0.655	2.976	0.00291696820469957	0.0349212846764235	0.0551	0.0186	0.0328	0.0328	TRUE	0.409
FBgn0004597	437	161	188	667	232	294	220	252	268	340	324	360	294.09	247	341	1.397	0.482	2.973	0.00295303641294832	0.0353056313156117	0.0038	0.0236	0.0152	0.0152	TRUE	0.1198
FBgn0027945	395	95	99	557	150	220	199	148	141	284	210	270	208.66	163	255	1.549	0.632	2.965	0.00303063370999886	0.0360398590853937	0.0264	0.0279	0.0273	0.0273	TRUE	0.4695
FBgn0036893	267	96	92	391	139	173	134	150	131	199	194	212	170.24	138	202	1.463	0.549	2.965	0.00302797359042715	0.0360398590853937	0	0.0313	0.0182	0.0182	TRUE	0.0437
FBgn0261931	2088	796	746	2682	1036	1246	1052	1244	1063	1368	1449	1527	1283.74	1120	1448	1.295	0.373	2.965	0.00302600289638847	0.0360398590853937	0.005	0.0153	0.0105	0.0105	TRUE	0.1091
FBgn0037369	495	147	163	620	247	264	249	230	232	316	345	324	282.75	237	328	1.376	0.461	2.96	0.00307574491251155	0.0365275465809872	0	0.024	0.0136	0.0136	TRUE	0.0272
FBgn0046258	4	3	6	44	12	15	2	5	9	22	17	18	12.14	5	19	4.25	2.087	2.958	0.00309993482833246	0.0367658049480122	0.0741	0.2722	0.2184	0.2184	TRUE	1.5719
FBgn0031070	1007	465	492	1447	777	857	507	727	701	738	1087	1050	801.66	645	958	1.488	0.574	2.953	0.00315007884614193	0.0372118730538279	0.0398	0.0168	0.0258	0.0258	TRUE	0.5022
FBgn0051495	79	18	32	159	56	48	40	28	46	81	78	59	55.29	38	73	1.916	0.938	2.951	0.00316252204214211	0.0373093825554434	0.0133	0.0698	0.0517	0.0517	TRUE	0.2433
FBgn0085810	12	1	9	123	22	5	6	2	13	63	31	6	20.01	7	33	4.974	2.315	2.951	0.00317053954974623	0.0373544917587165	0.7593	0.1702	0.3475	0.3475	TRUE	0.0979
FBgn0013347	1175	265	370	1584	467	579	592	414	527	808	653	710	617.29	511	724	1.411	0.497	2.948	0.00319884820165664	0.0375885764276461	0.0188	0.0179	0.0187	0.0187	TRUE	0.304
FBgn0050100	387	85	141	588	171	219	195	133	201	300	239	268	222.68	176	269	1.522	0.606	2.948	0.00319705570963237	0.0375885764276461	0.0222	0.027	0.0254	0.0254	TRUE	0.4219
FBgn0011770	463	135	201	694	245	272	233	211	286	354	343	333	293.42	243	343	1.414	0.499	2.946	0.0032212628796653	0.0378020928447679	0.0051	0.0236	0.0169	0.0169	TRUE	0.2318
FBgn0026380	1898	632	788	2405	1064	1071	956	988	1123	1226	1488	1313	1182.29	1022	1342	1.313	0.393	2.939	0.00329112827848865	0.0385204725052541	0.0074	0.0155	0.0119	0.0119	TRUE	0.1066
FBgn0035076	40	9	20	77	33	47	20	14	28	39	46	58	34.29	21	48	2.261	1.177	2.939	0.00329637626007673	0.0385312642368811	0.0249	0.1047	0.0791	0.0791	TRUE	0.3247
FBgn0052185	34	9	7	71	24	29	17	14	10	36	34	36	24.41	14	35	2.475	1.307	2.935	0.00334047251694387	0.0388428051023747	0	0.1418	0.0914	0.0914	TRUE	0.3802
FBgn0265102	180	80	75	313	147	119	91	125	107	160	206	146	138.94	108	171	1.599	0.677	2.929	0.00340140366551985	0.0393458473360848	0.0216	0.0355	0.0303	0.0303	TRUE	0.3113
FBgn0030966	372	134	158	460	266	288	187	209	225	235	372	353	263.59	207	320	1.538	0.621	2.925	0.00344869662629697	0.0397557531110983	0.0332	0.0248	0.0282	0.0282	TRUE	0.6855
FBgn0012037	1335	427	582	1757	678	859	672	667	829	896	948	1053	844.35	723	966	1.336	0.418	2.916	0.00354662265652998	0.0406560720742761	0.0097	0.0166	0.0135	0.0135	TRUE	0.1886
FBgn0038049	1026	422	513	1523	652	801	517	660	731	777	912	982	762.93	636	890	1.404	0.49	2.912	0.00359080550858306	0.0410568737675858	0.0215	0.017	0.0189	0.0189	TRUE	0.3425
FBgn0283545	41	13	11	73	37	33	21	20	16	37	52	40	31.01	19	43	2.233	1.159	2.911	0.00360697005342993	0.041188823417821	0	0.1144	0.0746	0.0746	TRUE	0.196
FBgn0039696	1181	394	451	1430	606	687	595	616	643	729	848	842	712.01	618	806	1.304	0.383	2.91	0.00361859252507863	0.0412686345977918	0.0038	0.0173	0.0109	0.0109	TRUE	0.0895
FBgn0030467	1423	462	554	1796	705	766	717	722	789	916	986	939	844.81	743	947	1.275	0.351	2.904	0.0036834614803335	0.0417241521219548	0.001	0.0166	0.0092	0.0092	TRUE	0.0344
FBgn0037852	1363	416	474	1608	623	715	686	650	675	820	871	876	763.29	670	856	1.273	0.348	2.904	0.00368006893586944	0.0417241521219548	0	0.017	0.0089	0.0089	TRUE	0.0174
FBgn0004872	1680	562	532	2629	805	766	846	878	758	1341	1126	939	981.32	827	1135	1.374	0.459	2.903	0.00369893234654874	0.0418101401151137	0.0169	0.0161	0.0169	0.0169	TRUE	0.1713
FBgn0051125	41	9	10	71	31	32	21	14	14	36	43	39	27.96	16	39	2.319	1.214	2.901	0.0037216228747339	0.0419070732556951	0	0.1255	0.0819	0.0819	TRUE	0.4539
FBgn0261811	7571	2891	2444	9863	3824	4003	3813	4518	3482	5030	5348	4906	4516.35	3938	5095	1.294	0.372	2.901	0.00371834789856511	0.0419070732556951	0.0097	0.0135	0.0116	0.0116	TRUE	0.1992
FBgn0053969	524	176	246	798	296	334	264	275	351	407	414	409	353.3	297	410	1.39	0.476	2.9	0.00373483092516587	0.0420027008212782	0.0083	0.0218	0.0162	0.0162	TRUE	0.2706
FBgn0259683	253	55	68	374	116	122	127	86	97	191	162	150	135.46	103	168	1.598	0.677	2.896	0.00378242005105716	0.0423773778550517	0.023	0.0361	0.0311	0.0311	TRUE	0.5018
FBgn0260768	293	74	99	378	149	164	148	116	141	193	208	201	167.74	135	201	1.472	0.557	2.891	0.00383852551272835	0.042934321639069	0	0.0316	0.0202	0.0202	TRUE	0.132
FBgn0053138	2153	912	1059	2996	1484	1685	1084	1425	1509	1528	2076	2065	1614.54	1339	1890	1.412	0.498	2.884	0.00392059315482718	0.043705535957504	0.0269	0.0148	0.0207	0.0207	TRUE	0.3468
FBgn0034139	36	10	17	74	29	41	18	16	24	38	41	50	31.09	19	43	2.215	1.148	2.875	0.00403669356844838	0.0448874277330459	0	0.1141	0.0752	0.0752	TRUE	0.1733
FBgn0026084	1793	397	430	2322	666	792	903	620	613	1184	931	971	870.42	712	1029	1.44	0.526	2.872	0.00407491520790295	0.0451839595803831	0.0339	0.0165	0.0229	0.0229	TRUE	0.6814
FBgn0060296	148	40	57	269	83	83	75	63	81	137	116	102	95.54	73	118	1.634	0.708	2.851	0.00436154090969074	0.0478426661115953	0.0114	0.0458	0.0327	0.0327	TRUE	0.2373
FBgn0053193	505	193	191	629	298	364	254	302	272	321	417	446	335.3	276	395	1.428	0.514	2.847	0.00440825882719721	0.0482363161840855	0.0171	0.0222	0.0201	0.0201	TRUE	0.342
FBgn0034564	584	161	197	710	261	327	294	252	281	362	365	401	325.73	276	376	1.356	0.439	2.847	0.00441460523538118	0.048246489363853	0.0019	0.0225	0.0138	0.0138	TRUE	0.058
FBgn0053199	839	281	345	1268	387	491	423	439	492	647	541	602	523.83	451	597	1.33	0.411	2.846	0.00443173964816679	0.048374393438997	0.0054	0.0189	0.013	0.013	TRUE	0.0742
FBgn0038107	2179	701	947	2710	1137	1422	1097	1096	1349	1382	1590	1743	1376.25	1181	1572	1.331	0.412	2.844	0.00445866708767986	0.0485493248777072	0.0132	0.0151	0.0143	0.0143	TRUE	0.1831
